No.|Oxygen Debit (mol/s) (1)|Oxygen Permeatation (1)|Sequence Discreapancy (1)|Oxygen Debit (mol/s) (2)|Oxygen Permeatation (2)|Sequence Discreapancy (2)|Oxygen Debit (mol/s) (3)|Oxygen Permeatation (3)|Sequence Discreapancy (3)
1|10|8,2176815128499E-13|0|10|4,10884075642495E-13|0|10|2,73922717094997E-13|0|

2|20|1,64353630256998E-12|-8,2176815128499E-13|20|8,2176815128499E-13|-4,10884075642495E-13|20|5,47845434189994E-13|-2,73922717094997E-13|

3|30|2,46530445385497E-12|-8,2176815128499E-13|30|1,23265222692749E-12|-4,108840756425E-13|30|8,2176815128499E-13|-2,73922717094996E-13|

4|40|3,28707260513996E-12|-8,2176815128499E-13|40|1,64353630256998E-12|-4,1088407564249E-13|40|1,09569086837999E-12|-2,73922717095E-13|

5|50|4,10884075642495E-12|-8,2176815128499E-13|50|2,05442037821248E-12|-4,108840756425E-13|50|1,36961358547498E-12|-2,7392271709499E-13|

6|60|4,93060890770994E-12|-8,2176815128499E-13|60|2,46530445385497E-12|-4,1088407564249E-13|60|1,64353630256998E-12|-2,73922717095E-13|

7|70|5,75237705899493E-12|-8,2176815128499E-13|70|2,87618852949747E-12|-4,108840756425E-13|70|1,91745901966498E-12|-2,73922717095E-13|

8|80|6,57414521027992E-12|-8,2176815128499E-13|80|3,28707260513996E-12|-4,1088407564249E-13|80|2,19138173675997E-12|-2,7392271709499E-13|

9|90|7,39591336156491E-12|-8,2176815128499E-13|90|3,69795668078246E-12|-4,108840756425E-13|90|2,46530445385497E-12|-2,73922717095E-13|

10|100|8,2176815128499E-12|-8,21768151284989E-13|100|4,10884075642495E-12|-4,1088407564249E-13|100|2,73922717094997E-12|-2,73922717095E-13|

11|110|9,03944966413489E-12|-8,21768151284991E-13|110|4,51972483206745E-12|-4,108840756425E-13|110|3,01314988804496E-12|-2,7392271709499E-13|

12|120|9,86121781541988E-12|-8,21768151284989E-13|120|4,93060890770994E-12|-4,1088407564249E-13|120|3,28707260513996E-12|-2,73922717095E-13|

13|130|1,06829859667049E-11|-8,2176815128502E-13|130|5,34149298335244E-12|-4,108840756425E-13|130|3,56099532223496E-12|-2,73922717095E-13|

14|140|1,15047541179899E-11|-8,21768151285001E-13|140|5,75237705899493E-12|-4,1088407564249E-13|140|3,83491803932996E-12|-2,73922717095E-13|

15|150|1,23265222692749E-11|-8,21768151284999E-13|150|6,16326113463743E-12|-4,108840756425E-13|150|4,10884075642495E-12|-2,7392271709499E-13|

16|160|1,31482904205598E-11|-8,217681512849E-13|160|6,57414521027992E-12|-4,1088407564249E-13|160|4,38276347351995E-12|-2,73922717095E-13|

17|170|1,39700585718448E-11|-8,21768151285001E-13|170|6,98502928592242E-12|-4,108840756425E-13|170|4,65668619061495E-12|-2,73922717095E-13|

18|180|1,47918267231298E-11|-8,21768151285001E-13|180|7,39591336156491E-12|-4,10884075642491E-13|180|4,93060890770994E-12|-2,7392271709499E-13|

19|190|1,56135948744148E-11|-8,21768151284997E-13|190|7,80679743720741E-12|-4,108840756425E-13|190|5,20453162480494E-12|-2,73922717095E-13|

20|200|1,64353630256998E-11|-8,21768151285001E-13|200|8,2176815128499E-12|-4,10884075642489E-13|200|5,47845434189994E-12|-2,73922717095E-13|

21|210|1,72571311769848E-11|-8,21768151285001E-13|210|8,6285655884924E-12|-4,108840756425E-13|210|5,75237705899493E-12|-2,7392271709499E-13|

22|220|1,80788993282698E-11|-8,21768151285001E-13|220|9,03944966413489E-12|-4,10884075642491E-13|220|6,02629977608993E-12|-2,73922717095E-13|

23|230|1,89006674795548E-11|-8,21768151285001E-13|230|9,45033373977739E-12|-4,10884075642499E-13|230|6,30022249318493E-12|-2,73922717095E-13|

24|240|1,97224356308398E-11|-8,21768151284997E-13|240|9,86121781541988E-12|-4,10884075642491E-13|240|6,57414521027992E-12|-2,7392271709499E-13|

25|250|2,05442037821248E-11|-8,21768151285001E-13|250|1,02721018910624E-11|-4,1088407564252E-13|250|6,84806792737492E-12|-2,73922717095E-13|

26|260|2,13659719334097E-11|-8,217681512849E-13|260|1,06829859667049E-11|-4,108840756425E-13|260|7,12199064446992E-12|-2,73922717095E-13|

27|270|2,21877400846947E-11|-8,21768151285001E-13|270|1,10938700423474E-11|-4,108840756425E-13|270|7,39591336156491E-12|-2,7392271709499E-13|

28|280|2,30095082359797E-11|-8,21768151285001E-13|280|1,15047541179899E-11|-4,108840756425E-13|280|7,66983607865991E-12|-2,73922717095E-13|

29|290|2,38312763872647E-11|-8,21768151285001E-13|290|1,19156381936324E-11|-4,10884075642499E-13|290|7,94375879575491E-12|-2,73922717095E-13|

30|300|2,46530445385497E-11|-8,21768151284997E-13|300|1,23265222692749E-11|-4,108840756425E-13|300|8,2176815128499E-12|-2,7392271709499E-13|

31|310|2,54748126898347E-11|-8,21768151285001E-13|310|1,27374063449173E-11|-4,108840756424E-13|310|8,4916042299449E-12|-2,73922717095E-13|

32|320|2,62965808411197E-11|-8,21768151285001E-13|320|1,31482904205598E-11|-4,108840756425E-13|320|8,7655269470399E-12|-2,73922717095001E-13|

33|330|2,71183489924047E-11|-8,21768151285001E-13|330|1,35591744962023E-11|-4,108840756425E-13|330|9,03944966413489E-12|-2,7392271709499E-13|

34|340|2,79401171436897E-11|-8,21768151285001E-13|340|1,39700585718448E-11|-4,108840756425E-13|340|9,31337238122989E-12|-2,73922717095E-13|

35|350|2,87618852949747E-11|-8,21768151284997E-13|350|1,43809426474873E-11|-4,10884075642499E-13|350|9,58729509832489E-12|-2,73922717095E-13|

36|360|2,95836534462597E-11|-8,21768151285001E-13|360|1,47918267231298E-11|-4,10884075642502E-13|360|9,86121781541988E-12|-2,7392271709499E-13|

37|370|3,04054215975446E-11|-8,217681512849E-13|370|1,52027107987723E-11|-4,10884075642499E-13|370|1,01351405325149E-11|-2,73922717095021E-13|

38|380|3,12271897488296E-11|-8,21768151284997E-13|380|1,56135948744148E-11|-4,10884075642499E-13|380|1,04090632496099E-11|-2,73922717095E-13|

39|390|3,20489579001146E-11|-8,21768151285004E-13|390|1,60244789500573E-11|-4,10884075642502E-13|390|1,06829859667049E-11|-2,73922717095E-13|

40|400|3,28707260513996E-11|-8,21768151284997E-13|400|1,64353630256998E-11|-4,10884075642499E-13|400|1,09569086837999E-11|-2,73922717095E-13|

Curve|Parameter|Maximum Point (Y)|X Max-Coordinate|Minimum Point (Y)|X Min-Coordinate|X-Max|Y-Max|X-Min|Y-Min
Curve 1|Oxygen Debit|329E-13|400E0|822E-15|100E-1|512,5|4,375E-11|-102,5|-8,75E-12|
Curve 2|Oxygen Debit|164E-13|400E0|411E-15|100E-1|512,5|4,375E-11|-102,5|-8,75E-12|
Curve 3|Oxygen Debit|110E-13|400E0|274E-15|100E-1|512,5|4,375E-11|-102,5|-8,75E-12|
